,File,Participant,ndarray,Segment,State
417,NonOverlap20080514TT_Segment_1_wake.mat,20080514TT,"[[ 1.         -0.11487024  0.19411221 ...  0.39775133  0.3344871
   0.22046243]
 [-0.11487024  1.          0.12740602 ... -0.47220728 -0.0394149
  -0.0714628 ]
 [ 0.19411221  0.12740602  1.         ...  0.04934555  0.23659328
  -0.08199552]
 ...
 [ 0.39775133 -0.47220728  0.04934555 ...  1.          0.10119472
   0.04599395]
 [ 0.3344871  -0.0394149   0.23659328 ...  0.10119472  1.
   0.33418685]
 [ 0.22046243 -0.0714628  -0.08199552 ...  0.04599395  0.33418685
   1.        ]]",1,Wake
418,NonOverlap20080514TT_Segment_2_wake.mat,20080514TT,"[[ 1.0000000e+00  8.0087513e-04  2.3405556e-01 ... -1.5333040e-01
   1.1337318e-01  1.1868401e-01]
 [ 8.0087513e-04  1.0000000e+00  2.4885458e-01 ...  3.6848629e-01
   3.9700967e-01  3.5932311e-03]
 [ 2.3405556e-01  2.4885458e-01  1.0000000e+00 ...  5.4466474e-01
   6.7995143e-01 -7.2696120e-02]
 ...
 [-1.5333040e-01  3.6848629e-01  5.4466474e-01 ...  1.0000000e+00
   2.6651469e-01  6.0161777e-02]
 [ 1.1337318e-01  3.9700967e-01  6.7995143e-01 ...  2.6651469e-01
   1.0000000e+00 -3.4311521e-01]
 [ 1.1868401e-01  3.5932311e-03 -7.2696120e-02 ...  6.0161777e-02
  -3.4311521e-01  1.0000000e+00]]",2,Wake
419,NonOverlap20080514TT_Segment_3_wake.mat,20080514TT,"[[ 1.         -0.27827585 -0.3735318  ...  0.10837242 -0.20334154
  -0.22484723]
 [-0.27827585  1.          0.34907788 ...  0.25878105 -0.20901081
   0.30930752]
 [-0.3735318   0.34907788  1.         ...  0.08959998  0.07374983
   0.11074415]
 ...
 [ 0.10837242  0.25878105  0.08959998 ...  1.         -0.48169106
  -0.03390333]
 [-0.20334154 -0.20901081  0.07374983 ... -0.48169106  1.
   0.30915946]
 [-0.22484723  0.30930752  0.11074415 ... -0.03390333  0.30915946
   1.        ]]",3,Wake
420,NonOverlap20080514TT_Segment_4_wake.mat,20080514TT,"[[ 1.         -0.28755593 -0.1081242  ... -0.23471165 -0.10179679
  -0.21836641]
 [-0.28755593  1.          0.16343072 ...  0.559669    0.47204936
   0.10732931]
 [-0.1081242   0.16343072  1.         ...  0.29952118  0.20097047
   0.21644369]
 ...
 [-0.23471165  0.559669    0.29952118 ...  1.          0.39176464
   0.28592387]
 [-0.10179679  0.47204936  0.20097047 ...  0.39176464  1.
  -0.0931663 ]
 [-0.21836641  0.10732931  0.21644369 ...  0.28592387 -0.0931663
   1.        ]]",4,Wake
421,NonOverlap20080514TT_Segment_5_wake.mat,20080514TT,"[[ 1.          0.28990528  0.21411303 ... -0.3361578   0.24436226
  -0.25569588]
 [ 0.28990528  1.          0.1452546  ...  0.17095609  0.5261741
  -0.00814099]
 [ 0.21411303  0.1452546   1.         ... -0.22877428  0.34425086
   0.10348991]
 ...
 [-0.3361578   0.17095609 -0.22877428 ...  1.          0.19361554
   0.59940624]
 [ 0.24436226  0.5261741   0.34425086 ...  0.19361554  1.
   0.31617308]
 [-0.25569588 -0.00814099  0.10348991 ...  0.59940624  0.31617308
   1.        ]]",5,Wake
422,NonOverlap20080514TT_Segment_6_wake.mat,20080514TT,"[[ 1.          0.27850273 -0.1915048  ... -0.50556445  0.45744464
   0.05990079]
 [ 0.27850273  1.          0.00247589 ... -0.06553273  0.07522441
   0.13105756]
 [-0.1915048   0.00247589  1.         ...  0.02327457 -0.25712046
  -0.517874  ]
 ...
 [-0.50556445 -0.06553273  0.02327457 ...  1.          0.00830659
   0.07305732]
 [ 0.45744464  0.07522441 -0.25712046 ...  0.00830659  1.
   0.2697206 ]
 [ 0.05990079  0.13105756 -0.517874   ...  0.07305732  0.2697206
   1.        ]]",6,Wake
423,NonOverlap20080514TT_Segment_7_wake.mat,20080514TT,"[[ 1.          0.23125353  0.15723322 ... -0.35601646 -0.24532475
   0.1730269 ]
 [ 0.23125353  1.         -0.05135649 ... -0.18296316 -0.14082992
   0.2117658 ]
 [ 0.15723322 -0.05135649  1.         ...  0.09943774  0.15657887
  -0.10499281]
 ...
 [-0.35601646 -0.18296316  0.09943774 ...  1.          0.48670274
  -0.20652014]
 [-0.24532475 -0.14082992  0.15657887 ...  0.48670274  1.
  -0.26912957]
 [ 0.1730269   0.2117658  -0.10499281 ... -0.20652014 -0.26912957
   1.        ]]",7,Wake
424,NonOverlap20080514TT_Segment_8_wake.mat,20080514TT,"[[ 1.         -0.29189125 -0.02620777 ... -0.31939614 -0.20959337
  -0.09819889]
 [-0.29189125  1.         -0.05787588 ...  0.03599288  0.20634924
   0.27001536]
 [-0.02620777 -0.05787588  1.         ...  0.52805537 -0.29250008
  -0.5227075 ]
 ...
 [-0.31939614  0.03599288  0.52805537 ...  1.         -0.05129983
  -0.49579284]
 [-0.20959337  0.20634924 -0.29250008 ... -0.05129983  1.
   0.44750357]
 [-0.09819889  0.27001536 -0.5227075  ... -0.49579284  0.44750357
   1.        ]]",8,Wake
425,NonOverlap20080514TT_Segment_9_wake.mat,20080514TT,"[[ 1.         -0.02484143 -0.02139489 ...  0.09949847  0.2874566
  -0.10615522]
 [-0.02484143  1.          0.30185655 ...  0.15873031 -0.08655088
  -0.11527483]
 [-0.02139489  0.30185655  1.         ...  0.0646815   0.0898908
  -0.04166727]
 ...
 [ 0.09949847  0.15873031  0.0646815  ...  1.          0.11084873
  -0.02652009]
 [ 0.2874566  -0.08655088  0.0898908  ...  0.11084873  1.
   0.23937273]
 [-0.10615522 -0.11527483 -0.04166727 ... -0.02652009  0.23937273
   1.        ]]",9,Wake
426,NonOverlap20080514TT_Segment_10_wake.mat,20080514TT,"[[ 1.         -0.17029628 -0.14396062 ...  0.32254294 -0.14012812
   0.2197698 ]
 [-0.17029628  1.          0.2977156  ... -0.3201306  -0.22481526
  -0.17424144]
 [-0.14396062  0.2977156   1.         ...  0.2646223  -0.07936008
  -0.02588999]
 ...
 [ 0.32254294 -0.3201306   0.2646223  ...  1.          0.1117279
   0.26461178]
 [-0.14012812 -0.22481526 -0.07936008 ...  0.1117279   1.
   0.11343417]
 [ 0.2197698  -0.17424144 -0.02588999 ...  0.26461178  0.11343417
   1.        ]]",10,Wake
427,NonOverlap20080514TT_Segment_11_wake.mat,20080514TT,"[[ 1.         -0.32859462  0.06341274 ... -0.08581892 -0.12215731
  -0.04446294]
 [-0.32859462  1.          0.21470326 ...  0.16751684  0.02967098
   0.00318607]
 [ 0.06341274  0.21470326  1.         ... -0.00510039  0.23792747
   0.30899882]
 ...
 [-0.08581892  0.16751684 -0.00510039 ...  1.          0.32433838
  -0.13770618]
 [-0.12215731  0.02967098  0.23792747 ...  0.32433838  1.
   0.1824987 ]
 [-0.04446294  0.00318607  0.30899882 ... -0.13770618  0.1824987
   1.        ]]",11,Wake
428,NonOverlap20080514TT_Segment_12_wake.mat,20080514TT,"[[ 1.         -0.09177755 -0.36336777 ...  0.24821398  0.19207777
   0.48150092]
 [-0.09177755  1.          0.18811774 ...  0.00582373  0.16160375
   0.01578505]
 [-0.36336777  0.18811774  1.         ... -0.1277549  -0.15814096
   0.05612685]
 ...
 [ 0.24821398  0.00582373 -0.1277549  ...  1.          0.15047058
   0.10275947]
 [ 0.19207777  0.16160375 -0.15814096 ...  0.15047058  1.
  -0.08490922]
 [ 0.48150092  0.01578505  0.05612685 ...  0.10275947 -0.08490922
   1.        ]]",12,Wake
429,NonOverlap20080519MH_Segment_1_wake.mat,20080519MH,"[[ 1.         -0.53273743 -0.27464497 ... -0.09334454 -0.44738495
  -0.19619338]
 [-0.53273743  1.         -0.09153857 ...  0.03844086  0.03501561
  -0.00346256]
 [-0.27464497 -0.09153857  1.         ...  0.39365777  0.2868824
  -0.037042  ]
 ...
 [-0.09334454  0.03844086  0.39365777 ...  1.          0.17653027
   0.20890166]
 [-0.44738495  0.03501561  0.2868824  ...  0.17653027  1.
   0.3661312 ]
 [-0.19619338 -0.00346256 -0.037042   ...  0.20890166  0.3661312
   1.        ]]",1,Wake
430,NonOverlap20080519MH_Segment_2_wake.mat,20080519MH,"[[ 1.          0.4041716  -0.26405632 ...  0.18075733 -0.32062635
  -0.48825878]
 [ 0.4041716   1.         -0.15256841 ... -0.14891738 -0.0616026
  -0.25623956]
 [-0.26405632 -0.15256841  1.         ...  0.18880393 -0.0593804
  -0.01509242]
 ...
 [ 0.18075733 -0.14891738  0.18880393 ...  1.          0.04818309
   0.0039597 ]
 [-0.32062635 -0.0616026  -0.0593804  ...  0.04818309  1.
   0.3420598 ]
 [-0.48825878 -0.25623956 -0.01509242 ...  0.0039597   0.3420598
   1.        ]]",2,Wake
431,NonOverlap20080519MH_Segment_3_wake.mat,20080519MH,"[[ 1.          0.25711682 -0.0146181  ... -0.2828067  -0.2692018
  -0.5237867 ]
 [ 0.25711682  1.         -0.3085729  ... -0.35500818  0.03120995
  -0.01232397]
 [-0.0146181  -0.3085729   1.         ...  0.28619155  0.14293958
  -0.00968196]
 ...
 [-0.2828067  -0.35500818  0.28619155 ...  1.          0.07580489
   0.45607108]
 [-0.2692018   0.03120995  0.14293958 ...  0.07580489  1.
   0.17029527]
 [-0.5237867  -0.01232397 -0.00968196 ...  0.45607108  0.17029527
   1.        ]]",3,Wake
432,NonOverlap20080519MH_Segment_4_wake.mat,20080519MH,"[[ 1.         -0.28839827 -0.4539641  ... -0.3574835   0.12207118
   0.23006956]
 [-0.28839827  1.          0.12470371 ...  0.4301127   0.21279307
   0.23251411]
 [-0.4539641   0.12470371  1.         ...  0.07683452 -0.05834942
  -0.35565934]
 ...
 [-0.3574835   0.4301127   0.07683452 ...  1.          0.13857543
  -0.05308597]
 [ 0.12207118  0.21279307 -0.05834942 ...  0.13857543  1.
   0.41018057]
 [ 0.23006956  0.23251411 -0.35565934 ... -0.05308597  0.41018057
   1.        ]]",4,Wake
433,NonOverlap20080519MH_Segment_5_wake.mat,20080519MH,"[[ 1.         -0.09537636 -0.39877337 ...  0.24972111 -0.06459039
   0.13054788]
 [-0.09537636  1.         -0.20912497 ... -0.07987352 -0.15065894
   0.14500509]
 [-0.39877337 -0.20912497  1.         ...  0.09273627  0.24682276
  -0.00597393]
 ...
 [ 0.24972111 -0.07987352  0.09273627 ...  1.         -0.10391644
   0.37116963]
 [-0.06459039 -0.15065894  0.24682276 ... -0.10391644  1.
   0.30820817]
 [ 0.13054788  0.14500509 -0.00597393 ...  0.37116963  0.30820817
   1.        ]]",5,Wake
434,NonOverlap20080519MH_Segment_6_wake.mat,20080519MH,"[[ 1.         -0.16120666  0.03882853 ...  0.32135737  0.22133642
   0.39897296]
 [-0.16120666  1.          0.00190566 ...  0.2307893  -0.34005743
  -0.09409422]
 [ 0.03882853  0.00190566  1.         ...  0.03587123  0.04343104
  -0.0615324 ]
 ...
 [ 0.32135737  0.2307893   0.03587123 ...  1.          0.12447383
   0.43908733]
 [ 0.22133642 -0.34005743  0.04343104 ...  0.12447383  1.
   0.4812513 ]
 [ 0.39897296 -0.09409422 -0.0615324  ...  0.43908733  0.4812513
   1.        ]]",6,Wake
435,NonOverlap20080519MH_Segment_7_wake.mat,20080519MH,"[[ 1.         -0.0016635  -0.02929498 ... -0.08840184 -0.3878145
  -0.09926025]
 [-0.0016635   1.          0.09183852 ... -0.15758038  0.1724398
  -0.1191618 ]
 [-0.02929498  0.09183852  1.         ...  0.29864493 -0.06276902
   0.2631225 ]
 ...
 [-0.08840184 -0.15758038  0.29864493 ...  1.          0.05937729
  -0.16208231]
 [-0.3878145   0.1724398  -0.06276902 ...  0.05937729  1.
  -0.26850897]
 [-0.09926025 -0.1191618   0.2631225  ... -0.16208231 -0.26850897
   1.        ]]",7,Wake
436,NonOverlap20080519MH_Segment_8_wake.mat,20080519MH,"[[ 1.         -0.4120978  -0.17785308 ...  0.27524963  0.634216
   0.3307364 ]
 [-0.4120978   1.          0.01335368 ... -0.2432785  -0.47926712
  -0.18014196]
 [-0.17785308  0.01335368  1.         ... -0.35314983 -0.05141399
   0.17504928]
 ...
 [ 0.27524963 -0.2432785  -0.35314983 ...  1.          0.17742708
  -0.20190148]
 [ 0.634216   -0.47926712 -0.05141399 ...  0.17742708  1.
   0.31205755]
 [ 0.3307364  -0.18014196  0.17504928 ... -0.20190148  0.31205755
   1.        ]]",8,Wake
437,NonOverlap20080519MH_Segment_9_wake.mat,20080519MH,"[[ 1.          0.01318193 -0.5523623  ... -0.2177872   0.03512077
   0.16201405]
 [ 0.01318193  1.         -0.05142105 ...  0.23059006 -0.27297962
   0.09758447]
 [-0.5523623  -0.05142105  1.         ...  0.0906172   0.0971083
  -0.29934224]
 ...
 [-0.2177872   0.23059006  0.0906172  ...  1.          0.08170052
   0.07116258]
 [ 0.03512077 -0.27297962  0.0971083  ...  0.08170052  1.
  -0.06113481]
 [ 0.16201405  0.09758447 -0.29934224 ...  0.07116258 -0.06113481
   1.        ]]",9,Wake
438,NonOverlap20080519MH_Segment_10_wake.mat,20080519MH,"[[ 1.         -0.37824184 -0.30082133 ...  0.3841896   0.07677193
  -0.3658669 ]
 [-0.37824184  1.          0.0865303  ... -0.31096354 -0.42043975
   0.25530916]
 [-0.30082133  0.0865303   1.         ... -0.14858177 -0.38394845
   0.2454285 ]
 ...
 [ 0.3841896  -0.31096354 -0.14858177 ...  1.         -0.00699768
  -0.30745336]
 [ 0.07677193 -0.42043975 -0.38394845 ... -0.00699768  1.
   0.22674724]
 [-0.3658669   0.25530916  0.2454285  ... -0.30745336  0.22674724
   1.        ]]",10,Wake
439,NonOverlap20080519MH_Segment_11_wake.mat,20080519MH,"[[ 1.         -0.25396603 -0.20242606 ... -0.21988449 -0.05215983
  -0.16867632]
 [-0.25396603  1.         -0.08435133 ...  0.14232036  0.0022034
   0.03550177]
 [-0.20242606 -0.08435133  1.         ... -0.13321303 -0.10418571
  -0.4728968 ]
 ...
 [-0.21988449  0.14232036 -0.13321303 ...  1.          0.31211704
   0.25244793]
 [-0.05215983  0.0022034  -0.10418571 ...  0.31211704  1.
   0.14068408]
 [-0.16867632  0.03550177 -0.4728968  ...  0.25244793  0.14068408
   1.        ]]",11,Wake
440,NonOverlap20080519MH_Segment_12_wake.mat,20080519MH,"[[ 1.         -0.30966127 -0.05170615 ...  0.1470803  -0.52975523
   0.04830228]
 [-0.30966127  1.         -0.0684172  ...  0.4273075  -0.079913
  -0.08585256]
 [-0.05170615 -0.0684172   1.         ...  0.02409868 -0.10487282
   0.3212037 ]
 ...
 [ 0.1470803   0.4273075   0.02409868 ...  1.         -0.2733826
   0.36482915]
 [-0.52975523 -0.079913   -0.10487282 ... -0.2733826   1.
   0.01544808]
 [ 0.04830228 -0.08585256  0.3212037  ...  0.36482915  0.01544808
   1.        ]]",12,Wake
441,NonOverlap20080519MH_Segment_13_wake.mat,20080519MH,"[[ 1.          0.02457193 -0.29950044 ... -0.29250467 -0.27359307
  -0.48766226]
 [ 0.02457193  1.          0.38531306 ...  0.08068719  0.0719633
  -0.0979011 ]
 [-0.29950044  0.38531306  1.         ...  0.13836183  0.25585502
   0.1650931 ]
 ...
 [-0.29250467  0.08068719  0.13836183 ...  1.          0.02815196
  -0.1802578 ]
 [-0.27359307  0.0719633   0.25585502 ...  0.02815196  1.
   0.24843909]
 [-0.48766226 -0.0979011   0.1650931  ... -0.1802578   0.24843909
   1.        ]]",13,Wake
442,NonOverlap20080519MH_Segment_14_wake.mat,20080519MH,"[[ 1.         -0.17163306 -0.47382563 ... -0.3666826   0.06386617
  -0.13749957]
 [-0.17163306  1.         -0.08859977 ... -0.05289111  0.1702756
   0.2736    ]
 [-0.47382563 -0.08859977  1.         ...  0.3328247  -0.0945953
  -0.15625632]
 ...
 [-0.3666826  -0.05289111  0.3328247  ...  1.          0.13107392
   0.38208288]
 [ 0.06386617  0.1702756  -0.0945953  ...  0.13107392  1.
   0.13834393]
 [-0.13749957  0.2736     -0.15625632 ...  0.38208288  0.13834393
   1.        ]]",14,Wake
443,NonOverlap20080519MH_Segment_15_wake.mat,20080519MH,"[[ 1.0000000e+00 -3.7220538e-01 -5.4607546e-01 ...  4.5672774e-02
  -6.0338251e-02 -3.3442226e-01]
 [-3.7220538e-01  1.0000000e+00  3.7661567e-01 ...  4.8866287e-02
  -2.9903415e-01 -2.9323310e-01]
 [-5.4607546e-01  3.7661567e-01  1.0000000e+00 ... -9.5546292e-04
   4.8165423e-01  4.0904453e-01]
 ...
 [ 4.5672774e-02  4.8866287e-02 -9.5546292e-04 ...  1.0000000e+00
  -7.6245777e-02  2.3096868e-01]
 [-6.0338251e-02 -2.9903415e-01  4.8165423e-01 ... -7.6245777e-02
   1.0000000e+00  3.6309934e-01]
 [-3.3442226e-01 -2.9323310e-01  4.0904453e-01 ...  2.3096868e-01
   3.6309934e-01  1.0000000e+00]]",15,Wake
444,NonOverlap20080519MH_Segment_16_wake.mat,20080519MH,"[[ 1.         -0.3171281  -0.250739   ...  0.1758218  -0.17066899
   0.1040013 ]
 [-0.3171281   1.          0.37948245 ...  0.14539465 -0.4896736
  -0.24854714]
 [-0.250739    0.37948245  1.         ...  0.03329466 -0.06368963
  -0.24383628]
 ...
 [ 0.1758218   0.14539465  0.03329466 ...  1.         -0.26682386
   0.14350937]
 [-0.17066899 -0.4896736  -0.06368963 ... -0.26682386  1.
   0.0818443 ]
 [ 0.1040013  -0.24854714 -0.24383628 ...  0.14350937  0.0818443
   1.        ]]",16,Wake
445,NonOverlap20080519MH_Segment_17_wake.mat,20080519MH,"[[ 1.         -0.28057554 -0.11160453 ...  0.13910693  0.04890181
  -0.1405539 ]
 [-0.28057554  1.          0.34460926 ...  0.11780232  0.2229982
   0.13405454]
 [-0.11160453  0.34460926  1.         ... -0.30438057 -0.3652953
   0.21534258]
 ...
 [ 0.13910693  0.11780232 -0.30438057 ...  1.          0.23711814
  -0.33478588]
 [ 0.04890181  0.2229982  -0.3652953  ...  0.23711814  1.
   0.20339958]
 [-0.1405539   0.13405454  0.21534258 ... -0.33478588  0.20339958
   1.        ]]",17,Wake
446,NonOverlap20080519MH_Segment_18_wake.mat,20080519MH,"[[ 1.          0.04191742 -0.29831538 ... -0.05001683 -0.19215225
   0.12425157]
 [ 0.04191742  1.         -0.21556096 ... -0.05441583  0.11714152
   0.03749907]
 [-0.29831538 -0.21556096  1.         ...  0.24873415 -0.40762272
   0.22933242]
 ...
 [-0.05001683 -0.05441583  0.24873415 ...  1.          0.16246793
   0.45029   ]
 [-0.19215225  0.11714152 -0.40762272 ...  0.16246793  1.
  -0.1583939 ]
 [ 0.12425157  0.03749907  0.22933242 ...  0.45029    -0.1583939
   1.        ]]",18,Wake
447,NonOverlap20080521AK_Segment_1_wake.mat,20080521AK,"[[ 1.         -0.39108965 -0.54809654 ... -0.4985207  -0.09020339
  -0.21168578]
 [-0.39108965  1.          0.47490472 ...  0.11079168  0.07420535
   0.13293603]
 [-0.54809654  0.47490472  1.         ...  0.24925838 -0.11140817
   0.23806056]
 ...
 [-0.4985207   0.11079168  0.24925838 ...  1.          0.30357188
  -0.0644023 ]
 [-0.09020339  0.07420535 -0.11140817 ...  0.30357188  1.
   0.19147447]
 [-0.21168578  0.13293603  0.23806056 ... -0.0644023   0.19147447
   1.        ]]",1,Wake
448,NonOverlap20080521AK_Segment_2_wake.mat,20080521AK,"[[ 1.         -0.0991554  -0.44828683 ... -0.1619427  -0.19813773
  -0.48640046]
 [-0.0991554   1.          0.09324686 ...  0.23246789 -0.14563935
  -0.05201336]
 [-0.44828683  0.09324686  1.         ...  0.31315443  0.13602379
   0.40249568]
 ...
 [-0.1619427   0.23246789  0.31315443 ...  1.          0.32508254
   0.36154467]
 [-0.19813773 -0.14563935  0.13602379 ...  0.32508254  1.
   0.57082784]
 [-0.48640046 -0.05201336  0.40249568 ...  0.36154467  0.57082784
   1.        ]]",2,Wake
449,NonOverlap20080521AK_Segment_3_wake.mat,20080521AK,"[[ 1.         -0.08742358 -0.3630987  ... -0.3204771  -0.11406572
  -0.12758742]
 [-0.08742358  1.          0.1910245  ... -0.02626446 -0.32400998
  -0.08929428]
 [-0.3630987   0.1910245   1.         ...  0.08042117 -0.06528658
  -0.23194927]
 ...
 [-0.3204771  -0.02626446  0.08042117 ...  1.          0.217418
   0.31683025]
 [-0.11406572 -0.32400998 -0.06528658 ...  0.217418    1.
   0.1109577 ]
 [-0.12758742 -0.08929428 -0.23194927 ...  0.31683025  0.1109577
   1.        ]]",3,Wake
450,NonOverlap20080521AK_Segment_4_wake.mat,20080521AK,"[[ 1.         -0.17830366 -0.14070034 ... -0.18639117  0.11193636
  -0.02861651]
 [-0.17830366  1.          0.19494036 ... -0.12162223  0.00599731
  -0.18367785]
 [-0.14070034  0.19494036  1.         ...  0.17617607 -0.15923499
   0.37122178]
 ...
 [-0.18639117 -0.12162223  0.17617607 ...  1.          0.31434608
   0.44965363]
 [ 0.11193636  0.00599731 -0.15923499 ...  0.31434608  1.
   0.48379955]
 [-0.02861651 -0.18367785  0.37122178 ...  0.44965363  0.48379955
   1.        ]]",4,Wake
451,NonOverlap20080528SW_Segment_1_wake.mat,20080528SW,"[[ 1.         -0.53902394  0.1559379  ... -0.04127735 -0.20943546
  -0.02377432]
 [-0.53902394  1.          0.20376486 ... -0.00949618  0.260405
  -0.05635957]
 [ 0.1559379   0.20376486  1.         ...  0.02891712 -0.29433677
  -0.2593967 ]
 ...
 [-0.04127735 -0.00949618  0.02891712 ...  1.          0.12722398
   0.23584254]
 [-0.20943546  0.260405   -0.29433677 ...  0.12722398  1.
   0.28573957]
 [-0.02377432 -0.05635957 -0.2593967  ...  0.23584254  0.28573957
   1.        ]]",1,Wake
452,NonOverlap20080528SW_Segment_2_wake.mat,20080528SW,"[[ 1.         -0.44777933  0.11373994 ... -0.10272892 -0.4649864
  -0.4029001 ]
 [-0.44777933  1.          0.21650405 ...  0.04770872 -0.07079587
  -0.01381602]
 [ 0.11373994  0.21650405  1.         ... -0.07795274 -0.09563336
  -0.00860297]
 ...
 [-0.10272892  0.04770872 -0.07795274 ...  1.          0.12969874
   0.2534558 ]
 [-0.4649864  -0.07079587 -0.09563336 ...  0.12969874  1.
   0.29375076]
 [-0.4029001  -0.01381602 -0.00860297 ...  0.2534558   0.29375076
   1.        ]]",2,Wake
453,NonOverlap20080528SW_Segment_3_wake.mat,20080528SW,"[[ 1.         -0.41604635  0.10215751 ... -0.17554986 -0.30561823
  -0.2230632 ]
 [-0.41604635  1.         -0.26618326 ...  0.17446539  0.14380796
   0.23228648]
 [ 0.10215751 -0.26618326  1.         ...  0.22405425 -0.09323882
  -0.29631633]
 ...
 [-0.17554986  0.17446539  0.22405425 ...  1.          0.04465759
   0.08356234]
 [-0.30561823  0.14380796 -0.09323882 ...  0.04465759  1.
   0.03237442]
 [-0.2230632   0.23228648 -0.29631633 ...  0.08356234  0.03237442
   1.        ]]",3,Wake
454,NonOverlap20080528SW_Segment_4_wake.mat,20080528SW,"[[ 1.          0.11562802  0.27401498 ... -0.23453167 -0.32585022
  -0.26142976]
 [ 0.11562802  1.          0.05305724 ... -0.05543617  0.02843231
  -0.1452328 ]
 [ 0.27401498  0.05305724  1.         ... -0.3204825  -0.03946569
  -0.1576945 ]
 ...
 [-0.23453167 -0.05543617 -0.3204825  ...  1.         -0.04051993
   0.2899422 ]
 [-0.32585022  0.02843231 -0.03946569 ... -0.04051993  1.
  -0.00681522]
 [-0.26142976 -0.1452328  -0.1576945  ...  0.2899422  -0.00681522
   1.        ]]",4,Wake
455,NonOverlap20080528SW_Segment_5_wake.mat,20080528SW,"[[ 1.0000000e+00 -3.5613495e-01  2.1173704e-02 ... -9.5280714e-04
  -3.7022853e-01  1.8481412e-03]
 [-3.5613495e-01  1.0000000e+00  1.0611996e-01 ...  1.4820814e-01
  -2.2029050e-02  2.9857266e-01]
 [ 2.1173704e-02  1.0611996e-01  1.0000000e+00 ...  8.4135286e-04
  -1.5257855e-01  1.3862167e-02]
 ...
 [-9.5280714e-04  1.4820814e-01  8.4135286e-04 ...  1.0000000e+00
   4.4669341e-02  2.7233750e-01]
 [-3.7022853e-01 -2.2029050e-02 -1.5257855e-01 ...  4.4669341e-02
   1.0000000e+00  5.8506113e-02]
 [ 1.8481412e-03  2.9857266e-01  1.3862167e-02 ...  2.7233750e-01
   5.8506113e-02  1.0000000e+00]]",5,Wake
456,NonOverlap20080528SW_Segment_6_wake.mat,20080528SW,"[[ 1.         -0.6090014   0.11951381 ... -0.06918139 -0.10781134
  -0.19062349]
 [-0.6090014   1.          0.05257429 ... -0.06935389  0.23802838
   0.00709536]
 [ 0.11951381  0.05257429  1.         ... -0.18110171  0.19625053
  -0.25856975]
 ...
 [-0.06918139 -0.06935389 -0.18110171 ...  1.          0.03668687
   0.2875107 ]
 [-0.10781134  0.23802838  0.19625053 ...  0.03668687  1.
   0.29471666]
 [-0.19062349  0.00709536 -0.25856975 ...  0.2875107   0.29471666
   1.        ]]",6,Wake
457,NonOverlap20080528SW_Segment_7_wake.mat,20080528SW,"[[ 1.         -0.36890244 -0.4230222  ... -0.44865626 -0.28513795
  -0.5097747 ]
 [-0.36890244  1.          0.35871643 ...  0.5387187   0.45541584
   0.6596236 ]
 [-0.4230222   0.35871643  1.         ...  0.4891898   0.09731832
   0.3331943 ]
 ...
 [-0.44865626  0.5387187   0.4891898  ...  1.          0.3783651
   0.560758  ]
 [-0.28513795  0.45541584  0.09731832 ...  0.3783651   1.
   0.42353627]
 [-0.5097747   0.6596236   0.3331943  ...  0.560758    0.42353627
   1.        ]]",7,Wake
458,NonOverlap20080528SW_Segment_8_wake.mat,20080528SW,"[[ 1.         -0.6211194   0.2563129  ... -0.10709594 -0.0788039
  -0.34902096]
 [-0.6211194   1.         -0.02438259 ... -0.22014715  0.36874416
   0.5265242 ]
 [ 0.2563129  -0.02438259  1.         ... -0.21932204  0.28833032
  -0.05429433]
 ...
 [-0.10709594 -0.22014715 -0.21932204 ...  1.         -0.09699152
  -0.02177202]
 [-0.0788039   0.36874416  0.28833032 ... -0.09699152  1.
   0.18109371]
 [-0.34902096  0.5265242  -0.05429433 ... -0.02177202  0.18109371
   1.        ]]",8,Wake
459,NonOverlap20080617AB_Segment_1_wake.mat,20080617AB,"[[ 1.         -0.18934199 -0.21804285 ... -0.17834425 -0.28315336
  -0.32388008]
 [-0.18934199  1.          0.27135113 ... -0.17161617  0.18473746
   0.17461659]
 [-0.21804285  0.27135113  1.         ...  0.39953494  0.1752426
   0.40758643]
 ...
 [-0.17834425 -0.17161617  0.39953494 ...  1.         -0.07546782
   0.43294758]
 [-0.28315336  0.18473746  0.1752426  ... -0.07546782  1.
  -0.1492433 ]
 [-0.32388008  0.17461659  0.40758643 ...  0.43294758 -0.1492433
   1.        ]]",1,Wake
460,NonOverlap20080617AB_Segment_2_wake.mat,20080617AB,"[[ 1.         -0.00192349 -0.45940617 ... -0.3905539  -0.25908804
  -0.24886428]
 [-0.00192349  1.          0.17954867 ... -0.15546684 -0.13822345
  -0.02043889]
 [-0.45940617  0.17954867  1.         ...  0.5403186   0.15114234
   0.39459276]
 ...
 [-0.3905539  -0.15546684  0.5403186  ...  1.         -0.01530239
   0.09489511]
 [-0.25908804 -0.13822345  0.15114234 ... -0.01530239  1.
   0.08604974]
 [-0.24886428 -0.02043889  0.39459276 ...  0.09489511  0.08604974
   1.        ]]",2,Wake
461,NonOverlap20080617AB_Segment_3_wake.mat,20080617AB,"[[ 1.         -0.30852702 -0.754562   ...  0.28773794 -0.29077113
  -0.06718613]
 [-0.30852702  1.          0.08727463 ... -0.34093928  0.01769805
   0.15321895]
 [-0.754562    0.08727463  1.         ... -0.00518087  0.53486264
  -0.01316085]
 ...
 [ 0.28773794 -0.34093928 -0.00518087 ...  1.         -0.08941464
   0.41479018]
 [-0.29077113  0.01769805  0.53486264 ... -0.08941464  1.
  -0.35715997]
 [-0.06718613  0.15321895 -0.01316085 ...  0.41479018 -0.35715997
   1.        ]]",3,Wake
462,NonOverlap20080624NK_Segment_1_wake.mat,20080624NK,"[[ 1.         -0.02914447 -0.33887374 ...  0.10124655 -0.01361132
  -0.18553522]
 [-0.02914447  1.         -0.13531229 ... -0.08178763  0.00441673
  -0.02512616]
 [-0.33887374 -0.13531229  1.         ...  0.05202847  0.04574358
   0.03748783]
 ...
 [ 0.10124655 -0.08178763  0.05202847 ...  1.         -0.12472826
   0.33913922]
 [-0.01361132  0.00441673  0.04574358 ... -0.12472826  1.
   0.1331448 ]
 [-0.18553522 -0.02512616  0.03748783 ...  0.33913922  0.1331448
   1.        ]]",1,Wake
463,NonOverlap20080624NK_Segment_2_wake.mat,20080624NK,"[[ 1.         -0.3466364  -0.10873483 ...  0.17439319  0.10218117
  -0.2606157 ]
 [-0.3466364   1.          0.14366588 ... -0.2943974  -0.09882
   0.37940085]
 [-0.10873483  0.14366588  1.         ...  0.04993283  0.15106353
   0.1233124 ]
 ...
 [ 0.17439319 -0.2943974   0.04993283 ...  1.          0.15485618
   0.29226056]
 [ 0.10218117 -0.09882     0.15106353 ...  0.15485618  1.
   0.11728529]
 [-0.2606157   0.37940085  0.1233124  ...  0.29226056  0.11728529
   1.        ]]",2,Wake
464,NonOverlap20080624NK_Segment_3_wake.mat,20080624NK,"[[ 1.         -0.45184338  0.12932801 ... -0.12642714  0.0400663
  -0.5204613 ]
 [-0.45184338  1.         -0.03270782 ...  0.10359235  0.02871433
   0.02956474]
 [ 0.12932801 -0.03270782  1.         ... -0.266791   -0.23000312
  -0.19134396]
 ...
 [-0.12642714  0.10359235 -0.266791   ...  1.         -0.17097123
  -0.24228632]
 [ 0.0400663   0.02871433 -0.23000312 ... -0.17097123  1.
   0.0548084 ]
 [-0.5204613   0.02956474 -0.19134396 ... -0.24228632  0.0548084
   1.        ]]",3,Wake
465,NonOverlap20080624NK_Segment_4_wake.mat,20080624NK,"[[ 1.         -0.18440579  0.19372697 ... -0.08184122 -0.10294925
   0.00734499]
 [-0.18440579  1.          0.04403583 ... -0.21003555  0.5332968
   0.3363238 ]
 [ 0.19372697  0.04403583  1.         ... -0.03752894  0.04228725
  -0.3237099 ]
 ...
 [-0.08184122 -0.21003555 -0.03752894 ...  1.          0.07043847
  -0.3073211 ]
 [-0.10294925  0.5332968   0.04228725 ...  0.07043847  1.
   0.0883066 ]
 [ 0.00734499  0.3363238  -0.3237099  ... -0.3073211   0.0883066
   1.        ]]",4,Wake
466,NonOverlap20080624NK_Segment_5_wake.mat,20080624NK,"[[ 1.          0.03370087  0.11722748 ... -0.1118993  -0.05653833
  -0.2636457 ]
 [ 0.03370087  1.          0.38127613 ... -0.01233311 -0.17895415
  -0.00472054]
 [ 0.11722748  0.38127613  1.         ...  0.33465454  0.23934543
   0.03142686]
 ...
 [-0.1118993  -0.01233311  0.33465454 ...  1.         -0.07785282
   0.36436048]
 [-0.05653833 -0.17895415  0.23934543 ... -0.07785282  1.
  -0.32029417]
 [-0.2636457  -0.00472054  0.03142686 ...  0.36436048 -0.32029417
   1.        ]]",5,Wake
467,NonOverlap20080624NK_Segment_6_wake.mat,20080624NK,"[[ 1.         -0.14098836 -0.1104191  ... -0.10270735 -0.24753985
  -0.09684423]
 [-0.14098836  1.          0.20149182 ... -0.06106185  0.07884674
  -0.39770767]
 [-0.1104191   0.20149182  1.         ...  0.00837666  0.28378385
  -0.08916607]
 ...
 [-0.10270735 -0.06106185  0.00837666 ...  1.          0.09546924
   0.2373864 ]
 [-0.24753985  0.07884674  0.28378385 ...  0.09546924  1.
  -0.04994928]
 [-0.09684423 -0.39770767 -0.08916607 ...  0.2373864  -0.04994928
   1.        ]]",6,Wake
468,NonOverlap20080624NK_Segment_7_wake.mat,20080624NK,"[[ 1.         -0.06989665  0.00582909 ... -0.27219352  0.2794446
  -0.02827628]
 [-0.06989665  1.          0.5638905  ...  0.39363956 -0.03842086
  -0.14143938]
 [ 0.00582909  0.5638905   1.         ...  0.02647541  0.23447707
  -0.20600635]
 ...
 [-0.27219352  0.39363956  0.02647541 ...  1.         -0.16966292
  -0.06488138]
 [ 0.2794446  -0.03842086  0.23447707 ... -0.16966292  1.
   0.0521687 ]
 [-0.02827628 -0.14143938 -0.20600635 ... -0.06488138  0.0521687
   1.        ]]",7,Wake
469,NonOverlap20080624NK_Segment_8_wake.mat,20080624NK,"[[ 1.          0.0366464  -0.24726664 ... -0.00678058 -0.37564036
  -0.18810783]
 [ 0.0366464   1.          0.37359947 ... -0.4628997  -0.3210855
   0.04307134]
 [-0.24726664  0.37359947  1.         ... -0.3837942  -0.07109338
   0.09329158]
 ...
 [-0.00678058 -0.4628997  -0.3837942  ...  1.          0.17907062
   0.00950864]
 [-0.37564036 -0.3210855  -0.07109338 ...  0.17907062  1.
   0.35010076]
 [-0.18810783  0.04307134  0.09329158 ...  0.00950864  0.35010076
   1.        ]]",8,Wake
470,NonOverlap20080624NK_Segment_9_wake.mat,20080624NK,"[[ 1.         -0.3128929   0.00955899 ... -0.06353949  0.10007507
  -0.13570954]
 [-0.3128929   1.         -0.17406943 ...  0.19734803 -0.0554666
   0.1524525 ]
 [ 0.00955899 -0.17406943  1.         ...  0.01890838 -0.09032072
   0.00487242]
 ...
 [-0.06353949  0.19734803  0.01890838 ...  1.          0.15304676
   0.05085004]
 [ 0.10007507 -0.0554666  -0.09032072 ...  0.15304676  1.
  -0.14996183]
 [-0.13570954  0.1524525   0.00487242 ...  0.05085004 -0.14996183
   1.        ]]",9,Wake
471,NonOverlap20080625AJ_Segment_1_wake.mat,20080625AJ,"[[ 1.         -0.04205527 -0.2606967  ...  0.00537112 -0.42674828
   0.13333035]
 [-0.04205527  1.          0.08637019 ...  0.18238568  0.0754724
   0.6274664 ]
 [-0.2606967   0.08637019  1.         ...  0.08794808  0.237211
  -0.09227666]
 ...
 [ 0.00537112  0.18238568  0.08794808 ...  1.         -0.05596697
   0.3588981 ]
 [-0.42674828  0.0754724   0.237211   ... -0.05596697  1.
  -0.12171681]
 [ 0.13333035  0.6274664  -0.09227666 ...  0.3588981  -0.12171681
   1.        ]]",1,Wake
472,NonOverlap20080625AJ_Segment_2_wake.mat,20080625AJ,"[[ 1.          0.35134947  0.10803815 ...  0.03689643 -0.35427755
   0.45073903]
 [ 0.35134947  1.          0.05437221 ... -0.17359746 -0.52815557
  -0.19660266]
 [ 0.10803815  0.05437221  1.         ...  0.13102008 -0.13080141
   0.24773146]
 ...
 [ 0.03689643 -0.17359746  0.13102008 ...  1.         -0.2705079
   0.27934423]
 [-0.35427755 -0.52815557 -0.13080141 ... -0.2705079   1.
  -0.03699978]
 [ 0.45073903 -0.19660266  0.24773146 ...  0.27934423 -0.03699978
   1.        ]]",2,Wake
473,NonOverlap20080702JS_Segment_1_wake.mat,20080702JS,"[[ 1.         -0.34078735 -0.2579715  ...  0.21779582  0.2969003
  -0.37052155]
 [-0.34078735  1.          0.32482708 ...  0.08530749 -0.05752906
  -0.07486272]
 [-0.2579715   0.32482708  1.         ...  0.11165141 -0.16006958
   0.12578268]
 ...
 [ 0.21779582  0.08530749  0.11165141 ...  1.          0.35008267
   0.22737429]
 [ 0.2969003  -0.05752906 -0.16006958 ...  0.35008267  1.
   0.00622089]
 [-0.37052155 -0.07486272  0.12578268 ...  0.22737429  0.00622089
   1.        ]]",1,Wake
474,NonOverlap20080702JS_Segment_2_wake.mat,20080702JS,"[[ 1.         -0.77232563 -0.2576216  ...  0.3326217   0.25637865
  -0.12092972]
 [-0.77232563  1.          0.13541391 ... -0.39402956 -0.22273946
   0.09776146]
 [-0.2576216   0.13541391  1.         ...  0.03617437  0.03032942
   0.06162551]
 ...
 [ 0.3326217  -0.39402956  0.03617437 ...  1.          0.75580144
   0.09888412]
 [ 0.25637865 -0.22273946  0.03032942 ...  0.75580144  1.
   0.24457923]
 [-0.12092972  0.09776146  0.06162551 ...  0.09888412  0.24457923
   1.        ]]",2,Wake
475,NonOverlap20080702JS_Segment_3_wake.mat,20080702JS,"[[ 1.         -0.11811326  0.1495499  ... -0.23819447  0.11627879
   0.16493733]
 [-0.11811326  1.          0.11235728 ... -0.01884167 -0.49718595
  -0.15505727]
 [ 0.1495499   0.11235728  1.         ... -0.21781029 -0.4318695
  -0.07666606]
 ...
 [-0.23819447 -0.01884167 -0.21781029 ...  1.         -0.13007554
   0.48162496]
 [ 0.11627879 -0.49718595 -0.4318695  ... -0.13007554  1.
   0.07108343]
 [ 0.16493733 -0.15505727 -0.07666606 ...  0.48162496  0.07108343
   1.        ]]",3,Wake
476,NonOverlap20080702JS_Segment_4_wake.mat,20080702JS,"[[ 1.          0.1717619  -0.32578143 ... -0.26073378 -0.3716461
  -0.25537086]
 [ 0.1717619   1.          0.09314574 ... -0.15446523 -0.3580043
   0.24042135]
 [-0.32578143  0.09314574  1.         ... -0.0433909  -0.0768723
  -0.20281947]
 ...
 [-0.26073378 -0.15446523 -0.0433909  ...  1.          0.5614978
   0.19157635]
 [-0.3716461  -0.3580043  -0.0768723  ...  0.5614978   1.
   0.28005517]
 [-0.25537086  0.24042135 -0.20281947 ...  0.19157635  0.28005517
   1.        ]]",4,Wake
477,NonOverlap20080702JS_Segment_5_wake.mat,20080702JS,"[[ 1.         -0.03769305  0.29260826 ... -0.12268762  0.1275523
   0.04119959]
 [-0.03769305  1.          0.5062067  ... -0.2628952  -0.0966867
   0.23744883]
 [ 0.29260826  0.5062067   1.         ... -0.543022   -0.19373241
   0.14010186]
 ...
 [-0.12268762 -0.2628952  -0.543022   ...  1.         -0.04071166
  -0.10836209]
 [ 0.1275523  -0.0966867  -0.19373241 ... -0.04071166  1.
  -0.01726347]
 [ 0.04119959  0.23744883  0.14010186 ... -0.10836209 -0.01726347
   1.        ]]",5,Wake
478,NonOverlap20080702JS_Segment_6_wake.mat,20080702JS,"[[ 1.00000000e+00 -3.84224020e-02 -7.85865933e-02 ...  1.98412389e-01
  -2.55491465e-01  2.48733193e-01]
 [-3.84224020e-02  1.00000000e+00  5.93861751e-02 ... -5.36100379e-05
   2.50805438e-01 -2.94216946e-02]
 [-7.85865933e-02  5.93861751e-02  1.00000000e+00 ...  6.84127659e-02
   4.21266317e-01  3.13283861e-01]
 ...
 [ 1.98412389e-01 -5.36100379e-05  6.84127659e-02 ...  1.00000000e+00
   1.22425474e-01  4.21894550e-01]
 [-2.55491465e-01  2.50805438e-01  4.21266317e-01 ...  1.22425474e-01
   1.00000000e+00 -1.62969250e-02]
 [ 2.48733193e-01 -2.94216946e-02  3.13283861e-01 ...  4.21894550e-01
  -1.62969250e-02  1.00000000e+00]]",6,Wake
479,NonOverlap20080702JS_Segment_7_wake.mat,20080702JS,"[[ 1.         -0.13630113 -0.0321086  ... -0.10142897  0.25060079
   0.12238623]
 [-0.13630113  1.          0.27717817 ... -0.18063232 -0.36128968
  -0.4133464 ]
 [-0.0321086   0.27717817  1.         ... -0.01472858 -0.13841033
  -0.1012723 ]
 ...
 [-0.10142897 -0.18063232 -0.01472858 ...  1.         -0.14317198
   0.21976194]
 [ 0.25060079 -0.36128968 -0.13841033 ... -0.14317198  1.
   0.11244268]
 [ 0.12238623 -0.4133464  -0.1012723  ...  0.21976194  0.11244268
   1.        ]]",7,Wake
480,NonOverlap20080702JS_Segment_8_wake.mat,20080702JS,"[[ 1.         -0.24441084 -0.31748623 ...  0.00211397  0.169817
  -0.24479084]
 [-0.24441084  1.          0.01294481 ... -0.14963882 -0.08692911
  -0.12026818]
 [-0.31748623  0.01294481  1.         ... -0.13225953 -0.1700595
   0.2562745 ]
 ...
 [ 0.00211397 -0.14963882 -0.13225953 ...  1.          0.12729923
   0.21934845]
 [ 0.169817   -0.08692911 -0.1700595  ...  0.12729923  1.
  -0.15547872]
 [-0.24479084 -0.12026818  0.2562745  ...  0.21934845 -0.15547872
   1.        ]]",8,Wake
481,NonOverlap20080702JS_Segment_9_wake.mat,20080702JS,"[[ 1.          0.11143178  0.34814048 ...  0.01300566 -0.19564354
  -0.2686694 ]
 [ 0.11143178  1.          0.2994797  ... -0.4984458  -0.17190306
  -0.26165137]
 [ 0.34814048  0.2994797   1.         ...  0.03111118 -0.05650489
   0.03313525]
 ...
 [ 0.01300566 -0.4984458   0.03111118 ...  1.          0.1798482
   0.3621539 ]
 [-0.19564354 -0.17190306 -0.05650489 ...  0.1798482   1.
   0.38708678]
 [-0.2686694  -0.26165137  0.03313525 ...  0.3621539   0.38708678
   1.        ]]",9,Wake
482,NonOverlap20080702JS_Segment_10_wake.mat,20080702JS,"[[ 1.         -0.03001251  0.5225962  ...  0.23208705 -0.00288554
  -0.04778413]
 [-0.03001251  1.          0.10389229 ... -0.23225272 -0.04014552
   0.12132906]
 [ 0.5225962   0.10389229  1.         ... -0.18276936  0.24807948
  -0.12483896]
 ...
 [ 0.23208705 -0.23225272 -0.18276936 ...  1.         -0.10922297
   0.11300483]
 [-0.00288554 -0.04014552  0.24807948 ... -0.10922297  1.
  -0.28852147]
 [-0.04778413  0.12132906 -0.12483896 ...  0.11300483 -0.28852147
   1.        ]]",10,Wake
483,NonOverlap20080702JS_Segment_11_wake.mat,20080702JS,"[[ 1.         -0.37498295 -0.25187412 ...  0.45390552  0.35358065
  -0.06150462]
 [-0.37498295  1.         -0.28213605 ... -0.32769352  0.13795346
   0.2330377 ]
 [-0.25187412 -0.28213605  1.         ... -0.01149387 -0.32471505
  -0.31862086]
 ...
 [ 0.45390552 -0.32769352 -0.01149387 ...  1.          0.19994706
   0.27218693]
 [ 0.35358065  0.13795346 -0.32471505 ...  0.19994706  1.
   0.00334336]
 [-0.06150462  0.2330377  -0.31862086 ...  0.27218693  0.00334336
   1.        ]]",11,Wake
484,NonOverlap20080702JS_Segment_12_wake.mat,20080702JS,"[[ 1.          0.1076541  -0.26024508 ...  0.03362114 -0.47637516
   0.01690461]
 [ 0.1076541   1.          0.06918991 ...  0.07114038 -0.34818625
  -0.24472693]
 [-0.26024508  0.06918991  1.         ...  0.13982666  0.17281039
  -0.3080241 ]
 ...
 [ 0.03362114  0.07114038  0.13982666 ...  1.          0.14275435
   0.0312538 ]
 [-0.47637516 -0.34818625  0.17281039 ...  0.14275435  1.
   0.01129   ]
 [ 0.01690461 -0.24472693 -0.3080241  ...  0.0312538   0.01129
   1.        ]]",12,Wake
485,NonOverlap20080702JS_Segment_13_wake.mat,20080702JS,"[[ 1.         -0.15613435 -0.15215077 ...  0.16173632 -0.11659177
   0.4447655 ]
 [-0.15613435  1.         -0.01715575 ... -0.00345483 -0.17763217
  -0.15088949]
 [-0.15215077 -0.01715575  1.         ... -0.10667003  0.23064925
  -0.02339186]
 ...
 [ 0.16173632 -0.00345483 -0.10667003 ...  1.          0.13381821
   0.09283715]
 [-0.11659177 -0.17763217  0.23064925 ...  0.13381821  1.
  -0.2384463 ]
 [ 0.4447655  -0.15088949 -0.02339186 ...  0.09283715 -0.2384463
   1.        ]]",13,Wake
486,NonOverlap20080716HE_Segment_1_wake.mat,20080716HE,"[[ 1.         -0.45131448  0.2278398  ... -0.33836347 -0.24538267
  -0.14966375]
 [-0.45131448  1.         -0.14166014 ...  0.2880093  -0.48425078
   0.20346701]
 [ 0.2278398  -0.14166014  1.         ... -0.11843344  0.16058117
   0.09597351]
 ...
 [-0.33836347  0.2880093  -0.11843344 ...  1.         -0.16826776
   0.25571293]
 [-0.24538267 -0.48425078  0.16058117 ... -0.16826776  1.
  -0.24300152]
 [-0.14966375  0.20346701  0.09597351 ...  0.25571293 -0.24300152
   1.        ]]",1,Wake
487,NonOverlap20080716HE_Segment_2_wake.mat,20080716HE,"[[ 1.         -0.65852743 -0.20372036 ... -0.5269889   0.13118468
  -0.06728603]
 [-0.65852743  1.          0.3787057  ...  0.4152163  -0.37229854
   0.04428334]
 [-0.20372036  0.3787057   1.         ...  0.3851438  -0.47070944
   0.17240316]
 ...
 [-0.5269889   0.4152163   0.3851438  ...  1.         -0.32061094
   0.48970437]
 [ 0.13118468 -0.37229854 -0.47070944 ... -0.32061094  1.
  -0.2894578 ]
 [-0.06728603  0.04428334  0.17240316 ...  0.48970437 -0.2894578
   1.        ]]",2,Wake
488,NonOverlap20080716HE_Segment_3_wake.mat,20080716HE,"[[ 1.         -0.5392461   0.25767764 ... -0.2528271  -0.40906113
   0.25782183]
 [-0.5392461   1.         -0.21601275 ...  0.21478364  0.15286142
  -0.13303971]
 [ 0.25767764 -0.21601275  1.         ...  0.01739151 -0.27304545
   0.24142313]
 ...
 [-0.2528271   0.21478364  0.01739151 ...  1.         -0.40972704
   0.6167769 ]
 [-0.40906113  0.15286142 -0.27304545 ... -0.40972704  1.
  -0.47580725]
 [ 0.25782183 -0.13303971  0.24142313 ...  0.6167769  -0.47580725
   1.        ]]",3,Wake
